2 33.535 1088.302
2 41.568 1063.878
2 229.646 1077.904
2 234.514 1079.33
2 233.505 1078.891
2 238.243 1068.383
2 228.639 1068.097
2 221.079 1056.615
2 246.958 1044.468
2 247.241 1030.913
2 71.63 1028.19
2 75.565 1034.811
2 113.727 1038.433
2 169.907 997.663
2 170.39 997.773
2 233.502 966.152
2 149.233 973.223
2 61.736 987.592
1 105.705 1058.215
1 86.536 1045.793
1 158.446 1043.011
1 155.621 1025.689
1 144.963 1022.284
1 163.43 1022.543
1 193.589 1018.029
1 196.191 998.066
1 199.097 1004.105
1 99.632 1008.963
3 211.34 1045.976
3 213.677 1015.777
0 41.348 1033.262
0 82.165 1045.137
0 28.896 1017.3
0 102.267 1023.493
0 111.886 1015.998
0 97.409 994.265
0 90.053 988.881
0 76.255 980.66
0 118.804 982.583
0 122.529 968.187
0 144.933 965.062
0 110.139 951.281
0 209.822 1004.937
0 216.107 985.423
0 223.803 976.082
0 211.021 955.224
0 242.07 956.121
0 85.917 1073.326
0 60.445 1066.068
0 35.246 1062.918
0 12.101 1064.698
0 221.6 1060.367
1 144.537 1067.025
1 115.892 1081.615
1 73.547 1084.817